"output" "labor" "capital" "province" "ownership" "industry" "list"
34996 9 30887 29 3 12 0
39500 10 1991 5 3 17 0
12500 14 3349 15 3 17 0
28911 14 12868 24 3 17 0
30000 15 9000 24 3 17 0
43000 15 18933 29 3 17 0
16107 16 627 29 3 20 0
53811 16 34207 29 5 17 0
48684 19 4932 24 3 22 0
12134 20 9951 29 3 17 0
18153 20 8873 24 3 4 0
21166 21 8023 29 3 17 0
15053 22 29513 24 6 4 0
60810 23 8468 29 5 17 0
13945 25 2120 29 3 17 0
15506 25 4453 24 3 4 0
30669 25 6754 24 3 17 0
31895 25 4159 24 3 17 0
12500 28 20628 29 2 14 0
54484 28 16140 24 3 17 0
59570 28 1848 24 3 17 0
59917 28 4035 24 3 17 0
131869 28 30443 24 3 17 0
12075 29 25586 5 3 4 0
47908 29 4192 29 5 18 0
12505 30 7021 21 3 17 0
13207 30 13509 24 3 8 0
32000 30 7000 24 2 29 0
52707 30 6200 24 3 17 0
13452 32 1200 24 3 17 0
14490 32 24516 29 2 4 0
17921 32 44129 29 2 4 0
21772 32 5694 9 3 17 0
12042 35 5720 21 3 5 0
18411 37 20824 15 3 4 0
25583 39 3471 29 3 27 0
13250 40 14143 15 3 29 0
14788 40 7479 29 3 17 0
18104 40 34915 29 3 4 0
23748 40 17110 29 5 17 0
33000 40 6000 27 3 29 0
40112 40 15091 29 3 17 0
26239 41 17042 24 2 4 0
67365 42 3180 15 5 17 0
25675 44 7345 24 3 17 0
15000 45 2678 15 3 17 0
19268 45 91969 24 3 29 0
53400 45 3680 29 2 17 0
18649 47 81582 29 2 4 0
103857 48 32249 24 3 7 0
13176 49 1622 29 5 17 0
99836 49 19701 24 2 17 0
12870 50 3823 15 1 20 0
13080 50 6598 29 4 18 0
20000 50 10000 29 3 4 0
25394 50 3690 24 1 17 0
37833 50 210533 5 4 29 0
136700 50 35001 24 3 17 0
14213 52 4881 15 3 17 0
26884 52 5000 24 3 4 0
19337 55 10441 29 2 12 0
52349 55 55403 24 3 8 0
14176 56 1943 29 5 12 0
27450 56 2393 15 2 5 0
63000 56 49309 24 3 17 0
14818 58 7039 15 5 5 0
16443 58 36445 25 2 4 0
39826 58 5238 9 3 17 0
12500 60 15000 6 3 16 0
12732 60 47958 29 3 4 0
14192 60 10982 29 4 5 0
25298 60 11881 5 3 20 0
43443 60 14475 3 3 11 0
29588 61 6498 24 2 18 0
54477 61 7953 24 5 20 0
15163 63 30255 15 3 4 0
20145 63 19036 29 5 8 0
65270 64 9900 29 2 17 0
12748 65 43891 29 3 5 0
13066 66 47108 29 3 4 0
13000 67 9407 29 5 17 0
14970 67 3022 15 3 16 0
16152 68 5181 29 5 5 0
49989 68 5625 24 3 4 0
13940 70 3130 29 3 16 0
14500 70 6850 15 5 22 0
60289 70 12974 15 3 17 0
62393 70 8603 24 1 16 0
26606 71 9028 24 5 17 0
12474 73 9391 29 2 19 0
16900 73 6250 29 2 17 0
15700 74 6583 24 3 17 0
17723 75 9213 29 3 18 0
41121 75 11856 29 3 22 0
15000 76 26138 15 3 4 0
19500 76 11500 15 1 18 0
14911 77 8563 24 3 17 0
36600 78 4561 15 3 18 0
60000 78 23900 21 6 18 0
13214 80 1629 24 3 17 0
16756 80 14483 2 3 17 0
27258 80 4130 15 3 17 0
27899 80 27201 25 3 4 0
35373 80 5637 29 4 5 0
50000 80 9932 29 3 17 0
17633 82 15999 29 5 18 0
26809 82 9799 9 3 17 0
16456 83 12178 10 3 17 0
59000 83 36766 12 3 17 0
44941 85 13637 15 4 5 0
127190 85 5000 29 1 17 0
47163 86 6351 29 2 17 0
21080 87 79725 29 2 4 0
23672 88 18254 15 5 27 0
27554 88 8952 29 3 2 0
15391 89 4249 29 3 16 0
37934 90 14551 29 3 17 0
221397 91 9769 15 5 17 0
12105 100 7864 29 5 16 0
19289 100 3285 15 3 12 0
25000 100 20000 10 3 17 0
28219 100 21101 2 3 23 0
18725 102 15877 3 3 7 0
44142 102 20250 15 4 5 0
16365 103 6546 21 3 5 0
14000 105 12675 29 4 18 0
17645 106 17245 24 3 4 0
38160 106 5788 24 3 5 0
40305 108 165983 28 5 10 0
75369 108 29179 29 3 17 0
16363 110 7996 29 3 5 0
14946 112 6410 24 3 7 0
15000 112 16000 21 2 18 0
15865 112 26667 29 1 5 0
62661 112 4301 29 3 20 0
16230 114 1900 28 3 5 0
16800 115 3800 15 2 18 0
20000 115 8000 24 2 13 0
74634 115 94907 24 5 17 0
16317 116 9776 29 1 7 0
14574 117 4028 16 2 4 0
36252 117 22581 15 3 7 0
45548 117 21566 15 3 16 0
14522 118 5052 15 5 27 0
12017 120 32736 17 5 4 0
13623 120 13425 29 3 22 0
14380 120 6596 21 6 19 0
15102 120 5072 29 1 21 0
19552 120 24760 18 2 1 0
23458 120 4612 15 3 5 0
23720 120 12278 29 3 4 0
29804 120 76425 27 1 12 0
30119 120 12333 22 2 17 0
30860 120 11609 15 3 18 0
34400 120 8000 29 2 19 0
36015 120 5925 15 3 17 0
12500 122 10265 15 5 5 0
45398 122 76293 12 2 4 0
34818 123 78636 19 5 4 0
12800 125 27618 24 2 17 0
14000 125 8000 29 5 7 0
16243 125 4267 15 5 3 0
89420 125 36716 29 5 16 0
16856 126 16585 29 3 22 0
13597 127 17997 16 2 29 0
17222 127 13212 4 3 14 0
14732 128 9773 15 5 25 0
23230 128 20896 29 2 18 0
14253 129 3708 29 3 5 0
36836 129 10303 29 3 3 0
13000 130 3109 29 3 10 0
15840 130 3320 15 3 5 0
16441 130 6120 24 1 16 0
26437 130 3405 24 3 23 0
45001 131 17542 3 3 17 0
14799 133 18774 15 5 17 0
20990 133 21191 29 5 19 0
12940 136 35376 16 2 6 0
13350 136 10300 15 3 19 0
22000 137 149090 24 3 4 0
82530 137 53920 24 3 5 0
22018 140 4620 15 2 19 0
58508 140 86154 29 2 4 0
27555 141 13012 9 4 12 0
14300 145 11302 29 5 5 0
37200 146 6861 21 6 18 0
13436 149 30916 29 4 2 0
12325 150 2426 2 3 17 0
13064 150 7564 29 1 18 0
13170 150 7885 24 5 18 0
14584 150 8816 29 4 7 0
14742 150 14363 30 2 23 0
15001 150 4300 29 3 17 0
15073 150 6300 21 3 19 0
25000 150 10000 29 4 12 0
26942 150 12956 21 4 5 0
47767 150 89796 30 3 4 0
83450 150 13718 2 2 17 0
14212 151 1997 15 3 19 0
21233 153 24583 24 2 12 0
12432 155 9644 29 2 18 0
27015 155 14096 28 2 23 0
12700 156 10722 8 2 19 0
88713 156 145195 24 2 4 0
12001 158 10800 25 3 19 0
56619 158 11539 29 3 10 0
143611 158 66055 24 2 29 0
81690 159 22388 11 3 17 0
132594 159 68004 29 3 29 0
14472 160 23420 12 3 4 0
15000 160 6280 24 3 23 0
19208 160 12670 24 5 3 0
21552 160 13750 24 5 16 0
32152 160 2803 24 3 20 0
50000 160 30000 21 3 4 0
54372 160 33662 15 2 4 0
105000 160 63310 15 2 29 0
22374 161 20358 15 5 3 1
12000 165 13889 18 3 4 0
27462 165 12646 15 3 12 0
30139 166 31095 29 5 19 0
24545 167 16010 15 3 17 0
11302 168 20252 14 3 25 0
13600 168 8324 21 3 5 0
15000 170 8300 29 3 5 0
18580 172 23826 29 4 2 0
12170 176 4615 9 3 5 0
14896 176 4820 29 2 20 0
12000 180 6500 10 4 14 0
12001 180 3342 10 2 20 0
12501 180 21136 2 3 17 0
13679 180 16136 29 3 27 0
15000 180 12000 29 5 5 0
15872 180 9043 29 5 12 0
16600 180 34469 15 3 12 0
17287 180 13823 29 3 12 0
21511 180 23314 29 3 12 0
26000 180 6053 15 2 17 0
30620 180 8500 15 3 5 0
32199 180 27508 29 3 17 0
33000 180 28000 29 3 29 0
145097 180 160000 24 3 4 0
34010 182 23777 29 5 27 0
167001 182 71480 12 3 17 0
22487 184 12539 29 5 21 0
21788 185 31009 29 3 25 0
12134 186 5587 15 2 12 0
18156 188 3262 15 5 22 0
20074 188 21017 29 1 3 0
22779 188 51364 3 3 8 0
36386 188 83500 21 1 19 1
19507 189 7685 15 2 18 0
21788 189 31196 29 3 25 0
44203 190 25511 29 5 17 0
12991 191 4943 29 1 12 0
17000 193 10012 15 5 18 0
17731 193 16988 16 3 5 0
21633 196 10128 24 3 19 0
21475 197 8766 29 3 18 0
23041 198 7105 15 5 18 0
12000 200 7710 15 3 5 0
12483 200 2887 29 3 20 0
13646 200 3974 15 3 3 0
16800 200 10264 9 1 25 0
17152 200 14056 29 4 12 0
30940 200 83325 27 3 19 0
36000 200 5000 24 3 17 0
47905 200 247335 24 3 29 1
52000 200 24249 10 2 5 0
54800 200 9500 9 3 17 0
100497 200 3121 15 5 17 0
15845 201 15974 15 2 17 0
12136 205 9521 24 3 25 0
40092 205 10457 18 3 17 0
23988 206 26429 29 4 2 0
103210 208 76179 29 3 12 0
12349 210 10535 29 3 21 0
13346 210 11444 6 3 17 0
13696 210 9222 15 1 18 0
18452 210 13592 15 3 18 0
20000 210 15000 24 2 16 1
23542 213 4438 29 4 12 0
15929 214 3814 5 5 16 0
12847 215 5500 15 3 18 0
100001 216 33316 24 3 29 0
15000 218 16000 29 1 5 0
20653 218 16648 16 2 5 0
12099 220 11093 29 3 3 0
12772 220 1658 21 4 19 0
19581 220 7311 29 4 18 0
15646 221 20144 24 4 18 0
24000 221 25000 15 3 15 0
14856 225 12367 29 4 12 0
21322 225 27029 29 2 7 0
24357 225 37980 15 4 5 0
23192 226 8952 15 5 19 0
36779 226 3408 21 3 17 0
14899 227 4930 29 3 21 0
14520 228 30412 25 3 17 0
13338 230 7770 29 3 5 0
16233 230 8181 24 3 21 0
25680 230 12530 6 4 14 0
15000 236 12358 24 3 3 0
26540 236 12045 21 3 5 0
67014 236 28518 29 2 5 0
12497 239 1498 21 4 19 0
13989 240 12837 24 3 28 0
67300 241 54077 4 3 9 0
15695 242 47312 25 1 4 0
13299 244 13331 29 5 10 0
35058 244 13641 21 6 18 0
85678 244 37734 24 3 4 0
160530 244 40190 6 5 28 0
21913 245 90743 24 2 4 0
23226 245 16587 15 4 22 0
27574 245 17500 29 4 12 0
15081 247 20727 24 1 3 0
15337 247 6456 29 5 21 0
25611 247 28045 29 3 19 0
14483 250 6845 29 4 12 0
15000 250 6707 24 1 3 0
15787 250 7527 29 3 12 0
17425 250 3986 15 2 20 0
18683 250 20479 15 4 5 0
25980 250 7508 15 5 3 0
62725 250 63310 15 2 20 0
121001 250 11201 24 3 12 0
53200 252 5800 15 2 17 0
22767 253 96943 29 5 16 0
22922 253 12549 29 4 5 0
16059 254 44897 29 2 23 0
14777 256 9882 29 3 7 0
12815 257 18505 17 1 4 0
14202 260 5162 15 3 19 0
17570 260 14273 15 5 21 0
47500 260 16082 21 6 22 0
23509 261 19250 29 5 27 0
61337 261 55751 15 5 10 0
23724 264 19154 28 3 25 0
18700 265 18061 29 1 3 0
24832 265 8900 29 2 17 0
27071 265 29332 21 3 28 0
57300 267 18872 15 3 17 0
13852 268 3672 15 2 15 0
14000 268 10720 15 3 18 0
17000 268 9291 15 1 20 0
50000 269 21209 29 1 29 0
22501 270 59156 21 3 18 0
34034 271 7018 29 3 5 0
35130 273 6298 15 3 10 0
12366 274 7482 15 3 5 0
15610 274 16677 20 2 8 0
13619 275 7463 15 2 12 0
14169 275 5046 29 3 18 0
32268 275 9999 2 4 8 0
57688 275 17070 29 3 10 0
18000 280 8200 21 6 17 0
20001 280 5600 15 3 18 1
29600 280 14661 15 3 5 0
16659 281 6600 21 2 5 0
37758 281 11497 24 3 17 0
14500 282 9800 29 3 14 0
16001 283 12100 25 2 22 0
38094 284 46806 17 3 4 0
12078 285 7482 15 3 26 0
12851 285 7569 15 3 10 0
39400 285 27824 24 3 29 0
12291 286 9079 29 3 3 0
16578 286 10336 28 3 17 0
27132 286 15556 6 3 21 0
30080 288 25793 24 2 7 0
14721 290 10811 15 4 21 0
16729 290 11083 15 4 16 0
38259 290 17673 15 5 18 0
150000 293 30000 15 3 17 0
30260 294 14180 29 2 17 0
67848 295 22116 29 3 19 0
66363 296 17216 29 2 25 0
13819 298 13207 29 3 18 0
12929 300 9347 21 4 5 0
14000 300 16000 19 3 12 1
15399 300 22137 22 3 5 0
15925 300 13258 3 3 5 0
18000 300 5500 29 3 12 0
18218 300 9779 15 3 12 0
28000 300 12585 24 3 5 0
29000 300 11855 29 3 17 0
34922 300 12547 15 2 5 0
35522 300 25000 14 3 4 0
40000 300 15000 15 3 29 0
42256 300 37441 29 3 27 0
50000 300 12000 21 3 7 0
52176 300 55001 24 3 8 0
12705 302 5528 29 3 5 0
118954 304 36763 29 3 29 0
12810 305 12001 29 3 12 0
18756 305 900 24 3 8 0
40629 305 14113 29 3 28 0
13688 306 9038 3 6 3 0
14329 306 18777 3 2 25 0
15795 306 6006 15 2 12 0
16279 306 7159 15 3 12 0
35418 306 17760 29 3 18 0
12426 308 14289 20 2 5 0
53283 308 17934 29 2 12 0
12799 310 20776 15 3 25 0
12833 310 5617 15 3 18 0
13259 310 7685 29 3 16 0
17158 310 6039 29 3 12 0
17984 310 11231 29 4 12 0
23586 310 14813 24 4 18 0
29930 310 6817 29 3 5 0
67048 310 57814 15 3 19 0
13200 315 10900 29 3 27 0
15267 315 10145 15 3 18 0
14551 316 18635 29 2 22 0
14600 316 15001 29 3 7 0
41547 316 16500 29 2 3 0
13095 319 9944 29 3 22 0
12008 320 6072 15 3 5 0
12453 320 7400 15 5 25 0
13900 320 8200 15 2 5 0
14900 320 700 25 3 19 0
15001 320 5800 29 3 10 0
16236 320 5262 29 4 3 0
16709 320 16660 21 3 18 0
17144 320 20848 29 3 12 0
23000 320 9868 10 3 18 0
26000 320 28000 21 3 18 0
95892 320 9070 15 3 5 0
12376 325 11076 29 5 18 0
12946 327 19613 13 3 23 0
78001 327 21001 9 3 14 0
13520 328 4249 10 3 19 0
29400 329 15100 29 5 12 0
12870 330 2379 24 5 12 0
13000 330 15320 16 3 4 0
18272 330 4410 9 3 5 0
28817 330 10548 29 2 12 0
13800 332 3050 29 4 27 0
78420 332 31898 5 3 17 0
12002 334 10462 15 1 21 0
12132 336 5792 29 4 21 0
42096 336 31037 29 3 3 0
65292 336 23500 9 3 5 0
23119 338 8821 29 4 12 0
12473 340 5561 12 2 5 0
16077 340 13377 30 3 10 0
24500 340 15300 29 3 3 0
71550 340 35478 21 1 5 0
215702 340 124527 15 3 19 0
23431 343 23176 28 4 25 0
18444 344 14606 24 5 3 0
14000 345 16000 22 2 5 0
34672 346 33434 29 5 20 0
35213 347 57501 29 3 22 0
28000 349 22540 19 3 4 0
12349 350 8579 29 5 18 0
12917 350 6110 29 3 5 0
13000 350 5728 12 2 10 0
13720 350 6118 15 6 25 0
13963 350 10395 15 3 18 0
14224 350 16302 29 2 21 0
14880 350 8475 15 2 18 0
17338 350 23777 24 5 8 0
21203 350 12327 29 3 16 0
22604 350 25796 29 3 18 0
50056 350 38345 15 2 22 0
58829 350 49727 29 3 19 1
65913 350 60431 15 3 5 0
14001 351 11171 17 3 5 0
12280 352 9118 29 4 12 0
13940 352 12353 15 2 21 0
14390 352 3470 29 2 10 0
34806 352 25257 29 2 20 0
12476 356 8274 15 1 18 0
22105 356 25540 25 3 4 0
18840 358 7723 10 1 18 0
34890 358 62421 15 3 29 0
13179 360 16091 29 3 7 0
16500 360 13005 15 4 10 0
17800 360 7001 15 3 12 0
18001 360 32000 21 2 3 0
52920 360 11376 16 3 20 0
61538 360 31442 13 2 21 0
17014 362 14467 29 3 3 0
13979 364 18247 29 3 12 0
13666 365 5957 3 5 19 0
13969 365 19043 29 3 21 0
12627 368 14912 24 3 12 0
18278 368 15326 15 2 21 0
37000 368 24100 22 2 5 0
13955 369 9713 29 2 18 0
12000 370 24000 11 3 19 0
12347 370 10430 24 3 12 0
27200 370 25320 25 2 18 0
18514 372 17190 29 5 21 0
38873 377 9610 21 3 10 0
13532 378 12638 21 4 25 0
16124 379 8178 29 5 17 0
12000 380 9600 21 2 18 0
13079 380 15281 29 3 21 0
13415 380 13520 28 3 18 0
13749 380 10783 29 4 12 0
14156 380 31850 18 3 17 0
14398 380 17198 5 2 26 0
15000 380 5500 10 2 18 0
15320 380 8600 29 3 18 0
15530 380 22789 29 4 12 0
17378 380 26041 24 5 3 0
18000 380 7350 15 4 12 0
24729 380 35799 29 5 18 0
25285 380 19209 29 3 5 0
31508 380 50803 10 4 1 0
35000 380 40000 24 3 3 0
83370 380 27257 30 3 15 0
98626 380 25772 24 4 5 0
12000 382 8022 24 3 22 0
12000 382 15000 15 4 18 0
13853 382 5270 15 5 12 0
35650 384 50279 24 3 3 0
13478 385 6450 29 4 16 0
13384 386 10665 15 1 8 0
131054 386 420748 29 3 7 1
12000 389 3032 21 4 19 0
14221 389 11693 5 3 3 0
27425 389 6729 15 3 20 0
16662 390 12196 29 3 3 0
24488 390 17904 3 4 25 0
13001 395 7271 2 3 21 0
12547 396 7657 15 3 16 0
24000 396 7700 15 4 17 0
16819 397 43684 29 2 27 0
12001 398 27000 11 2 21 0
13317 400 10586 5 3 7 0
14000 400 4800 21 3 14 0
15961 400 6852 15 3 18 0
18302 400 32240 17 3 4 0
21695 400 8828 15 3 12 0
22542 400 21401 15 3 18 0
22958 400 43691 11 3 19 0
28001 400 6001 15 3 17 0
28646 400 23236 16 3 17 0
31031 400 22118 24 4 19 0
36358 400 9243 15 4 5 0
37356 400 59019 5 3 4 0
64166 400 46714 15 3 20 0
15555 405 17684 20 3 5 0
30456 405 24884 29 2 18 0
20006 406 35052 29 3 12 0
13704 408 14249 29 4 5 0
13766 408 1939 29 2 10 0
80277 409 89967 29 5 22 0
24165 410 50575 29 2 23 1
60000 410 32509 15 3 4 0
77280 410 25580 15 3 3 0
129308 410 70550 29 3 17 0
13569 412 4527 29 4 16 0
21577 418 13727 24 2 3 0
35835 418 32946 29 5 25 0
46469 418 7303 29 3 5 0
57765 418 20110 29 2 17 0
31806 419 100284 22 5 4 0
12551 420 7797 29 3 12 0
15238 420 22162 15 3 18 0
20303 420 10491 15 4 12 0
28001 420 33800 15 6 17 0
35088 420 92825 24 3 29 0
13591 421 9730 5 5 22 0
13660 422 17055 25 2 7 0
16005 424 20574 21 5 2 0
15127 426 20992 29 5 16 0
44240 426 32000 10 3 19 0
15266 428 8732 29 3 12 0
43751 428 20407 29 4 18 0
12396 430 14856 22 3 5 0
15583 430 9259 29 3 12 0
18193 430 10326 15 1 17 0
28408 430 7425 29 3 12 0
19714 433 33189 29 5 12 0
20108 433 4532 29 3 5 0
15200 438 6916 21 3 18 0
17013 438 15857 24 2 8 0
28384 439 46324 29 2 20 0
15000 440 5800 15 3 12 0
15160 440 19981 29 3 22 0
14333 442 12035 15 3 3 0
19610 443 12623 29 3 10 0
71300 443 17018 29 2 17 0
12296 445 15726 21 3 4 0
12078 446 4446 29 4 10 0
34194 446 66704 29 2 23 1
8739 448 15337 14 2 25 0
75170 448 37107 13 3 17 0
12000 450 110000 21 3 28 0
12055 450 10592 15 4 22 0
12097 450 10913 29 3 21 0
12179 450 6541 29 3 12 0
12600 450 5677 15 2 18 0
13215 450 10142 29 4 12 0
13466 450 12894 15 3 18 0
13500 450 9058 15 3 16 0
13620 450 16428 29 5 21 0
14000 450 42351 2 5 20 1
15494 450 8920 22 4 2 0
20150 450 21357 29 2 20 0
23546 450 21493 24 3 19 0
25600 450 26818 15 4 5 0
25660 450 13532 29 5 27 0
26369 450 23486 29 5 3 0
95680 450 50418 15 2 20 0
104624 450 64533 15 2 18 0
60245 452 36247 29 3 8 0
15778 454 36410 29 2 21 0
12666 456 4877 21 2 25 0
21846 456 12516 29 3 12 0
16699 457 18636 29 3 12 0
25751 458 12405 25 3 19 0
12596 460 8011 15 3 21 0
13000 460 15000 21 2 19 0
14558 460 11001 4 3 19 1
23892 460 14016 29 3 3 0
45804 460 40062 29 4 5 0
18000 464 4300 18 3 14 0
15022 465 3794 15 3 12 0
14587 467 41380 6 4 16 1
67989 467 29931 21 3 17 0
23000 468 9008 5 4 13 0
51200 468 6120 16 2 17 0
52001 475 32746 15 3 26 0
18097 477 14261 15 3 5 0
163400 478 33845 15 3 17 0
78560 479 14793 15 6 19 0
13099 480 12315 30 4 5 0
13800 480 6500 5 3 19 0
13992 480 8776 15 2 21 0
14098 480 14871 22 3 5 0
15000 480 5000 15 2 10 0
15860 480 2234 29 1 16 0
16091 480 7275 15 1 22 0
19769 480 24359 5 3 5 0
20000 480 4768 29 3 17 0
22751 480 12605 21 3 3 0
26000 480 35000 2 1 2 0
33944 480 15870 29 3 29 0
48140 480 9218 15 2 17 0
20159 481 16441 29 4 3 0
48368 481 37526 29 3 5 0
12300 482 6233 15 2 3 0
13016 482 21567 6 3 5 0
24216 483 124171 30 2 4 0
15002 486 17823 11 3 18 0
20557 486 13277 29 3 12 0
36595 487 26791 29 3 5 0
52637 489 206360 16 4 7 0
18723 490 18470 29 3 27 0
29827 490 7628 15 2 10 0
28019 491 20232 24 5 21 0
19451 492 11563 15 3 12 0
20247 495 39435 29 2 12 0
29157 496 25909 29 3 21 0
39877 497 27273 29 3 12 0
44953 497 32621 5 4 16 0
12156 500 6786 15 3 3 0
12390 500 12664 4 3 1 0
12500 500 5099 15 5 13 0
12600 500 11100 29 5 7 0
13000 500 10000 29 5 21 0
13836 500 38362 17 2 4 0
14000 500 2800 22 3 5 0
15600 500 4850 29 2 12 0
15795 500 29561 24 5 10 0
15800 500 7558 15 1 16 0
15985 500 8853 29 2 19 0
16075 500 10147 29 3 3 0
17316 500 8432 15 2 3 0
17456 500 12122 21 1 5 0
18810 500 12162 29 3 8 0
19711 500 15162 29 2 18 0
22350 500 14800 29 5 16 0
25112 500 24001 22 3 5 0
25744 500 29988 29 2 12 0
28591 500 3705 24 3 7 0
32000 500 50000 15 6 22 0
32159 500 14567 29 1 12 0
39560 500 5671 29 3 5 0
44001 500 6400 25 3 19 0
48000 500 20000 15 1 21 0
50358 500 6690 3 3 17 0
52721 500 18137 15 1 22 0
17832 502 14186 24 3 3 0
55982 502 45611 29 3 20 0
13770 503 9692 5 6 29 0
35160 503 81240 3 3 4 0
32761 504 100082 29 3 25 0
31958 505 29901 29 2 20 0
12746 508 21949 29 4 18 0
14582 508 10596 15 6 12 0
21467 509 20426 29 3 28 0
8361 510 13047 14 3 3 0
66818 511 68750 18 2 8 0
14919 512 37857 15 5 20 0
28057 512 17215 26 3 17 0
12554 513 9806 29 1 16 0
13306 516 12375 29 2 7 0
14001 518 10200 29 3 21 0
20567 518 25043 29 3 20 0
29492 518 61373 29 2 19 1
45632 518 52413 29 4 12 0
59687 518 30253 29 2 5 0
12087 520 5647 29 3 5 0
12129 520 61061 14 3 25 0
14406 520 15373 29 5 10 0
14785 520 18152 15 2 21 0
17283 520 32934 29 3 3 0
18568 520 8583 29 3 21 0
18700 520 10965 29 4 21 0
24720 520 25372 21 3 21 1
32221 520 10976 15 5 10 0
35069 520 40482 29 4 21 0
14742 521 48017 29 3 29 0
15983 521 21068 29 3 12 0
16522 521 10229 29 3 12 0
55400 524 42209 11 3 4 0
14495 525 13166 29 3 3 0
12858 526 4260 16 3 25 0
13570 526 11120 21 3 20 0
16491 527 22599 29 2 25 0
20805 528 63221 25 3 4 0
34843 528 18468 29 5 7 0
49562 528 15086 15 3 10 0
55429 528 37771 29 2 12 0
29776 529 23242 29 3 7 0
18454 530 12906 29 3 3 0
25439 530 28441 15 5 18 0
42712 532 49219 5 2 2 0
64566 540 118875 18 2 8 0
14332 541 7101 29 3 3 0
12001 550 45146 26 3 21 0
12358 550 45526 28 3 29 0
12648 550 19887 21 2 27 0
12931 550 7723 29 5 20 0
16773 550 23526 22 3 5 0
17184 550 18510 22 3 5 0
18001 550 15582 15 2 21 0
18978 550 14254 29 4 22 0
21752 550 21860 29 3 27 0
24055 550 16031 29 4 27 0
27849 550 43659 29 3 12 0
41789 550 42620 2 3 29 0
44052 550 20546 25 3 19 0
18001 551 16000 15 2 18 0
22959 551 13856 29 3 12 0
15129 556 22094 29 4 21 0
16301 556 20650 29 5 27 0
50700 557 41086 15 5 8 0
13011 558 9820 15 3 27 0
13724 560 17056 3 2 28 0
13800 560 65001 12 3 29 0
15348 560 8172 29 2 21 0
18120 560 10375 29 4 12 0
22086 560 12386 21 3 3 0
28203 560 40560 18 2 8 0
35000 560 50000 15 2 16 0
37006 560 69690 3 2 15 0
60000 560 15000 15 3 5 0
21685 562 11126 15 5 5 0
15665 566 23066 28 3 18 0
55024 566 12697 9 2 17 0
56653 568 28349 21 5 18 0
28449 572 46399 5 4 19 0
21333 574 18688 15 2 21 0
15000 576 9121 15 3 12 0
48176 576 52000 29 2 25 0
15523 577 37609 29 3 12 0
12080 578 5028 21 6 17 0
13000 580 3000 12 3 18 0
16150 580 23711 29 4 10 0
17530 580 40709 21 3 22 0
20266 580 6724 24 3 16 0
21470 580 32682 29 5 7 0
34570 580 10318 15 5 12 0
41555 580 26428 15 4 19 1
45530 580 59956 29 3 19 0
66774 580 37346 2 3 25 0
49005 582 56566 29 2 25 0
34180 584 20058 15 4 18 0
16401 585 40668 11 3 19 1
18637 585 14649 29 3 5 0
41537 587 31309 29 5 5 0
64500 587 71856 29 2 29 0
12000 588 50000 22 3 5 0
50000 588 4565 21 5 10 0
12409 593 10101 29 4 10 0
15812 593 19761 15 4 19 0
17693 594 25089 29 3 5 0
21626 596 21396 3 4 18 0
14767 597 5214 29 4 16 0
17677 597 19904 29 3 18 0
13629 598 1160 15 4 12 0
31209 598 24450 29 4 18 0
12110 600 10770 21 3 19 0
12500 600 18001 11 3 29 0
13000 600 30050 16 3 7 0
14000 600 11800 21 3 25 0
14721 600 26695 17 3 21 0
15000 600 5000 15 3 18 0
17823 600 13851 21 3 10 0
18000 600 19828 29 4 23 0
18246 600 9155 15 3 5 0
20199 600 9623 29 4 12 0
20489 600 12974 16 4 5 0
22000 600 22341 16 2 5 0
26000 600 6800 21 3 19 0
27814 600 32857 15 4 21 0
28065 600 17001 25 3 23 0
28241 600 95400 21 3 17 0
30000 600 30000 12 3 29 0
31419 600 50299 3 3 25 0
33000 600 29000 14 3 25 0
40350 600 19257 15 2 19 0
42015 600 210521 7 3 25 0
43510 600 24454 29 1 25 0
93000 600 30000 24 3 29 0
150470 600 97105 15 2 29 0
37936 601 18563 15 2 5 0
14148 602 16118 16 3 7 0
30922 602 17925 29 3 12 0
36000 602 21155 29 5 17 0
21543 605 7968 29 4 12 0
15011 606 13442 29 3 7 0
351407 606 405205 17 2 17 1
12800 608 6930 21 6 19 0
12040 610 11178 15 3 21 0
24800 612 17500 15 3 10 0
32508 612 44787 15 4 25 0
20001 613 50001 26 3 4 0
15864 614 9733 17 3 17 0
27046 616 25436 9 3 20 0
12059 618 10669 24 4 12 0
42582 618 27964 15 2 3 0
44708 618 209081 17 3 4 0
54853 618 110051 15 3 18 0
12000 620 10700 12 3 18 0
16882 620 11111 15 5 21 0
18001 620 7000 29 4 3 0
26697 620 14034 25 3 25 0
40918 620 34345 26 5 16 0
41199 621 29970 29 3 4 0
57109 621 40544 15 5 21 0
101033 622 67388 29 4 5 0
100174 624 58321 29 3 12 0
13640 625 11826 15 3 9 0
44324 625 21189 2 3 23 0
22529 628 15126 15 3 22 0
50109 628 17999 29 4 12 0
13780 629 16501 19 2 18 0
25572 629 21501 15 3 7 0
13000 630 30000 19 3 25 0
18143 630 18681 10 3 19 0
35000 630 6780 10 2 14 0
13589 634 13778 29 3 12 0
15149 636 19345 21 6 21 0
21569 637 19385 24 3 3 0
26413 640 18440 29 2 21 0
59152 640 32226 29 3 18 0
12321 645 21721 29 5 16 0
18189 645 9057 15 5 12 0
19867 646 21656 15 1 27 0
12167 647 11183 29 6 15 0
12762 649 11405 29 5 3 0
28103 649 8678 30 3 10 0
12000 650 9136 15 5 16 0
12262 650 5670 21 2 21 0
13435 650 11636 20 2 5 0
15090 650 30154 27 2 4 0
16453 650 21217 21 3 19 0
16865 650 8421 15 3 3 0
17866 650 12781 29 3 12 0
18000 650 20000 17 2 3 0
18022 650 11185 21 3 27 0
25000 650 18000 15 1 27 0
30000 650 25058 15 2 10 0
30972 650 20778 15 2 19 0
45444 650 38000 15 1 18 0
56179 651 25823 29 3 5 0
13700 654 8039 29 3 3 0
17791 654 4117 16 3 5 0
177000 654 8752 11 1 17 0
17118 655 22543 15 3 3 0
13259 657 10501 29 4 12 0
17495 658 10149 29 4 13 0
385853 658 208000 15 2 4 0
93945 660 75338 29 5 7 0
70897 662 90934 29 2 29 0
28707 665 29297 29 2 7 0
18068 668 20730 29 1 3 0
28202 671 49283 22 2 2 0
13300 678 13490 8 1 19 0
14663 680 4231 29 4 12 0
18658 680 9560 29 3 3 0
25151 680 16272 29 1 3 0
28000 680 19000 15 1 19 0
55524 680 51569 29 2 3 0
25160 682 33748 29 2 21 0
15232 685 22518 22 5 17 0
20000 687 130000 13 2 4 0
20210 689 63419 29 2 29 0
12188 696 20149 14 2 25 0
270511 697 74731 15 3 18 0
33385 699 25209 15 3 20 0
12150 700 9210 25 3 8 0
14523 700 17000 29 3 18 1
17000 700 7426 15 5 26 0
17343 700 16992 22 2 5 0
17384 700 27384 29 5 12 0
24075 700 14972 5 5 3 0
41000 700 49339 15 6 5 0
75139 700 92831 29 3 20 0
12711 703 38859 29 5 12 0
12778 704 9830 29 3 3 0
13979 705 12006 15 3 12 0
40447 705 37501 29 3 12 0
17079 710 7919 29 5 5 0
51831 712 42297 15 6 12 0
98388 713 27487 15 2 17 0
20050 715 34070 29 3 26 0
25000 720 18068 29 3 3 0
33000 723 47539 29 1 21 0
12235 725 15594 21 5 28 0
17642 726 21892 29 3 21 0
14654 728 7055 29 3 3 0
13809 732 13545 29 3 10 0
17370 732 2307 21 2 12 0
103878 735 188992 25 1 20 1
21604 740 29474 27 3 21 0
280696 740 153897 15 2 3 0
25400 743 12900 15 2 25 0
16930 745 22095 20 2 18 0
64298 745 51720 29 1 12 0
12500 750 8000 15 3 5 0
12535 750 2333 15 3 18 0
12575 750 12600 15 3 12 0
13500 750 4900 15 3 13 0
15640 750 4359 24 3 22 0
21068 750 26468 29 3 12 0
21451 750 13001 15 2 10 0
38100 750 10957 29 3 10 0
60949 750 28995 3 4 22 0
12597 755 5882 29 3 12 0
12159 756 11567 29 5 10 0
29568 758 15729 29 2 12 0
55261 758 36231 15 2 19 0
21538 760 44494 29 2 23 1
36504 760 56954 11 3 25 0
49100 760 26165 6 2 25 0
16216 761 9255 29 1 16 0
28245 765 15648 15 3 5 0
13050 768 2815 4 3 17 0
13677 768 10567 29 4 28 0
24000 768 26000 22 3 5 0
29733 768 56798 29 1 8 0
15000 770 18000 15 3 18 0
13069 775 17930 10 3 12 0
17489 775 6459 15 2 27 0
24460 775 22310 15 3 20 0
13874 780 6000 29 3 19 0
13975 780 17835 18 2 5 0
15137 780 9049 6 3 14 0
22006 780 21249 15 1 21 0
48274 780 30487 10 3 7 0
12163 783 8698 15 3 21 0
12035 784 8903 29 3 12 0
14500 785 6344 15 3 3 0
40082 788 43817 29 5 19 0
15001 789 13300 25 2 8 0
152203 798 280461 11 3 20 0
12237 800 19213 21 5 19 0
12300 800 13000 29 4 16 0
13001 800 4500 15 5 12 0
13500 800 9000 15 6 5 0
13859 800 12891 2 3 19 0
14500 800 16000 10 2 12 0
14600 800 1820 21 3 12 0
17500 800 17000 10 3 5 0
18565 800 6756 10 2 17 0
19000 800 10895 29 3 3 0
20512 800 32567 25 2 17 0
22550 800 31000 15 3 7 0
25000 800 15000 29 4 10 0
26995 800 20359 24 3 3 0
27795 800 33000 29 3 16 0
29260 800 65820 12 3 7 0
29285 800 32548 10 2 7 0
30693 800 37070 29 3 3 0
32776 800 38170 15 3 29 0
35007 800 107998 30 2 4 0
43869 800 98962 29 4 12 0
52669 800 40345 11 2 29 0
100500 800 7500 21 3 25 0
110000 800 100001 29 5 19 0
17952 803 23187 29 3 29 0
93740 803 57904 29 4 12 0
42987 804 57125 25 6 3 0
15000 805 25000 15 2 20 0
12179 806 71134 22 3 17 0
13014 810 10066 29 3 21 0
30247 810 44352 29 3 12 0
43267 810 23691 24 2 8 1
506067 810 312679 17 2 14 0
12239 812 26416 24 3 3 0
16000 812 10590 29 3 17 0
29074 812 25114 29 2 20 1
31063 812 31671 11 3 8 0
28202 815 38049 30 3 2 0
123441 816 454649 24 5 23 0
26198 818 17250 15 5 18 0
29849 818 55102 17 3 18 0
16539 820 21443 15 1 21 0
17856 820 22703 29 1 10 0
18800 820 12838 22 2 10 0
20090 820 32887 15 3 8 0
16038 821 15039 15 5 18 0
12821 822 15518 29 4 21 0
17394 822 11380 9 2 17 0
12939 823 9580 15 2 25 0
16000 824 17300 15 2 18 0
24526 824 34026 18 3 18 0
21091 825 11000 15 3 19 0
20000 828 20000 22 3 5 0
21462 830 25790 17 3 29 0
24610 830 17210 29 3 3 0
60884 830 39386 29 5 2 0
68111 830 48762 29 5 3 0
17711 832 25434 29 5 21 0
18614 832 4072 21 3 12 0
21827 837 27157 10 6 5 0
53907 843 29518 15 3 20 0
18235 844 12864 29 2 18 0
75136 845 40585 29 3 3 0
22114 846 15432 29 3 16 0
13318 850 6037 29 4 12 0
14022 850 16593 15 2 21 0
14317 850 6905 24 6 12 0
17263 850 19630 29 4 3 0
32000 850 9500 29 3 19 0
46510 850 9058 21 3 5 0
67322 850 49000 15 4 7 0
127547 850 104832 29 2 16 0
13953 854 21875 28 2 29 0
47625 854 45622 15 4 3 0
60454 854 200636 29 3 4 0
17368 858 13157 29 2 3 0
13200 860 6800 10 3 10 0
16700 860 9913 17 3 29 0
18295 860 24858 29 5 19 0
22768 860 25787 18 3 1 0
29800 860 55000 6 3 10 0
37800 860 23001 25 3 20 0
58000 860 45000 22 2 1 0
21200 862 14697 15 3 7 0
42429 862 97943 27 3 29 0
98259 863 102267 29 2 3 1
15233 865 33288 29 5 22 0
15270 865 5335 15 3 12 0
16800 866 21001 15 2 10 0
41887 866 16678 29 3 12 0
21589 867 80000 2 2 23 0
16258 868 16375 15 1 3 0
15859 870 18094 13 3 16 0
12200 873 12421 21 5 12 0
150210 874 49931 15 2 3 0
31001 875 43100 4 2 17 0
12425 877 19773 25 2 18 0
16376 878 14365 12 3 19 0
15400 880 11650 29 2 3 0
35619 880 52750 15 3 12 0
60762 881 79263 29 5 24 0
30621 883 38503 29 2 26 0
120000 885 30000 15 3 21 0
18128 887 20773 16 3 21 0
77681 889 35021 29 1 5 1
14787 890 9188 29 1 12 0
17594 890 18540 29 4 12 0
18001 890 10252 25 5 19 0
28986 891 17920 29 4 28 0
81557 893 21123 29 3 22 0
12388 894 12486 29 3 12 0
23700 894 41900 4 3 25 0
69747 898 172493 29 5 2 0
12264 900 13309 18 2 18 0
13000 900 12000 21 2 27 0
14289 900 12449 29 5 21 0
35704 900 24306 29 3 29 0
41000 900 20279 15 1 18 0
22177 902 32079 17 3 3 0
37994 902 49130 5 3 18 0
33032 903 21614 15 1 12 0
22957 908 24908 21 3 18 0
13685 910 23429 25 5 25 0
28238 911 30232 29 3 12 0
63778 912 51438 29 5 12 0
22642 915 104904 8 2 17 0
17642 916 28589 16 2 19 0
27084 916 11505 14 3 16 0
38315 917 39402 29 2 12 0
15000 920 6586 21 3 12 0
57755 920 207350 15 3 4 0
23500 921 16001 21 3 18 0
30304 923 76407 29 2 25 1
35732 928 9839 29 3 12 0
20034 930 11703 29 5 3 0
21864 932 21200 22 5 25 0
43687 935 8319 29 5 12 0
34845 937 83514 29 2 19 0
17963 941 9845 29 3 12 1
16684 942 18902 11 3 1 0
21000 943 8259 15 3 12 0
92015 943 24037 29 3 12 0
28200 945 53880 29 3 21 0
17799 946 10422 15 3 12 0
24258 950 28798 29 4 10 0
38000 950 16120 15 5 5 0
43029 950 48334 15 3 19 0
52495 950 63888 22 2 28 0
28471 951 28542 29 3 22 0
39643 951 81600 29 3 7 0
28600 960 18820 15 2 3 0
20327 961 15884 15 2 18 0
16808 965 9120 15 3 12 0
52910 966 55581 29 2 12 0
78995 966 79892 17 3 7 0
24292 967 45044 21 4 2 0
12015 968 7433 15 4 12 0
43222 968 107368 29 2 12 0
45625 968 17588 12 3 5 0
98106 972 46758 29 5 29 0
40001 974 51500 9 5 27 1
15335 975 19007 17 3 26 0
47833 976 22665 15 6 17 0
12800 980 9000 22 3 5 0
14640 980 4019 29 3 22 0
25000 980 30073 29 4 3 0
49321 980 81611 29 2 29 0
13440 981 12280 30 3 10 0
19621 982 80979 2 3 4 1
148577 982 148471 29 3 12 0
172625 983 260694 29 3 7 0
46031 984 17541 29 2 12 0
12000 985 10100 12 3 12 0
13390 985 13890 15 2 10 0
20863 986 34923 15 3 3 0
47532 986 66616 9 3 5 0
57040 986 63388 15 2 7 0
100793 998 58942 29 3 12 0
13954 1000 5529 2 4 17 0
17043 1000 5637 29 3 12 0
18251 1000 40845 29 2 29 0
22042 1000 10639 29 3 16 0
23000 1000 28000 17 3 5 0
28645 1000 51875 15 2 29 0
30000 1000 16417 29 3 27 0
31086 1000 30431 29 4 12 0
33126 1000 23000 21 5 19 0
39500 1000 71020 10 6 5 0
41286 1000 8000 21 3 17 0
41879 1000 32507 15 3 12 0
59910 1000 39084 5 1 20 0
12587 1001 18482 25 3 4 0
20001 1001 12001 25 3 28 0
144670 1001 95139 25 2 18 0
13522 1002 11824 29 3 27 0
24093 1003 26041 29 1 27 0
60152 1003 79025 23 4 25 1
14116 1008 15523 21 6 27 0
30517 1008 25076 29 3 3 0
31500 1008 18579 15 2 3 0
23101 1010 16086 29 3 12 0
53260 1010 28667 21 2 25 0
15460 1012 15896 21 3 19 0
58248 1015 84195 29 2 3 0
26829 1018 29503 29 3 3 0
48500 1018 8800 15 1 19 0
45000 1019 60000 15 2 12 0
15567 1020 30568 15 1 12 0
19882 1020 21099 15 2 21 0
28585 1020 31254 15 3 3 0
27913 1024 13686 29 4 13 1
38587 1030 40328 15 4 12 0
47827 1030 34011 29 3 16 0
28029 1031 49630 29 5 19 0
31156 1038 128859 14 3 17 0
207891 1038 275388 29 3 21 0
45253 1044 48105 29 3 5 0
15223 1050 29833 24 5 16 0
15387 1050 8375 29 4 12 0
19500 1050 14500 15 2 12 0
35000 1050 50000 3 3 12 0
49473 1050 41389 15 3 5 0
44156 1055 11987 15 3 23 0
23500 1056 16300 15 2 16 0
22716 1057 33904 25 5 20 0
105823 1057 150120 29 5 12 0
110000 1059 178001 29 3 5 0
29325 1060 13643 21 2 19 0
27490 1067 14848 29 2 29 0
100660 1067 52043 15 4 21 0
17485 1068 26648 15 2 3 0
17975 1068 48178 26 2 2 0
25700 1068 38000 10 2 27 0
34325 1071 30142 29 3 12 0
73152 1073 83881 29 3 20 0
151698 1075 50000 15 3 20 0
16525 1076 14828 15 4 16 0
16630 1078 34684 15 3 17 1
50034 1078 40953 29 5 12 0
12572 1080 6000 15 3 25 0
22142 1080 45148 15 3 12 0
24001 1080 24300 28 3 29 0
25300 1080 12400 15 3 16 0
25890 1080 33278 29 2 7 0
54534 1080 56123 15 3 12 0
78126 1080 54156 29 6 22 0
13143 1088 12078 29 3 12 0
14220 1088 5630 15 2 12 0
25704 1090 8296 21 1 12 0
14360 1096 25001 29 3 27 0
12560 1100 13945 21 3 22 0
13000 1100 15000 18 2 18 0
13410 1100 15974 22 2 1 0
16100 1100 10200 17 3 17 0
22676 1100 23454 11 3 19 0
23860 1100 38080 6 3 5 0
23907 1100 19900 21 3 12 0
25073 1100 26319 29 3 12 0
32061 1100 21039 22 3 17 0
38177 1100 27173 17 2 5 0
47635 1100 144890 14 3 29 0
76000 1100 48000 15 3 3 0
20096 1102 45577 27 3 12 0
50951 1103 50098 22 3 5 0
24606 1107 15768 15 3 3 0
13084 1108 12063 15 4 16 0
200626 1108 75767 29 3 12 0
23013 1110 11219 29 3 12 0
29976 1110 11052 21 2 12 0
30376 1111 27248 29 2 16 0
37000 1116 13845 29 3 16 0
15777 1117 20012 25 3 17 0
71212 1118 72756 15 3 27 0
12300 1120 15000 12 2 18 0
43038 1120 35526 21 2 5 0
26630 1122 10560 15 4 12 0
13318 1130 33809 29 3 12 0
50089 1130 27031 6 4 16 0
86840 1130 63315 24 6 10 0
24811 1131 31858 29 3 7 0
40767 1145 28580 24 3 18 0
27500 1147 40357 29 2 7 0
14730 1150 11233 29 1 22 0
19861 1150 17191 15 2 12 0
33258 1150 10020 21 1 12 0
88107 1150 28442 29 4 19 0
184168 1150 72670 24 5 17 0
35885 1155 13515 29 2 27 0
21617 1164 35893 19 3 17 0
37253 1174 53341 29 4 12 0
200793 1175 60500 5 3 17 0
13580 1180 11350 15 3 12 0
15800 1180 14500 5 3 22 0
32000 1180 12000 21 1 18 0
127439 1180 89084 15 3 5 0
14866 1182 15719 28 2 29 0
23389 1183 46053 29 5 12 0
58621 1188 59908 28 3 29 0
17207 1197 25592 29 5 13 0
12000 1200 8800 21 6 12 0
12009 1200 8460 22 2 5 0
12600 1200 9096 22 2 1 0
12800 1200 15350 21 2 27 0
12920 1200 6752 22 3 5 0
13585 1200 8394 21 3 12 0
13896 1200 13461 15 4 16 0
14000 1200 7980 29 3 28 0
14606 1200 14225 29 4 12 0
15177 1200 44000 2 3 19 0
15550 1200 20000 20 2 25 0
16956 1200 50862 9 3 17 0
17680 1200 79554 22 3 1 0
18300 1200 9600 5 5 5 0
18616 1200 11177 21 3 5 0
18900 1200 12672 15 3 12 0
19500 1200 11962 15 3 3 0
20083 1200 19626 29 5 16 0
21380 1200 37801 17 3 10 0
22464 1200 11000 21 2 18 0
23000 1200 56000 22 3 5 0
23389 1200 26000 21 3 21 0
23679 1200 40532 29 3 12 0
26276 1200 12700 12 2 19 0
27030 1200 12584 15 3 12 0
27644 1200 8821 10 3 19 0
28728 1200 29096 24 3 3 0
30000 1200 30000 21 1 19 0
31100 1200 25001 25 2 19 0
31148 1200 24000 22 2 29 0
36551 1200 16409 29 3 10 0
40327 1200 43500 17 5 18 0
41465 1200 48047 30 3 10 0
47307 1200 45466 29 3 21 0
52555 1200 42158 20 3 14 0
55024 1200 38629 29 1 21 0
58955 1200 29344 24 5 12 0
67000 1200 63000 21 5 5 0
72000 1200 69000 29 2 29 0
86000 1200 23391 15 6 20 0
118765 1200 80344 21 3 29 0
121488 1200 66921 15 3 3 0
23050 1205 21784 15 3 21 0
26617 1208 27385 5 3 16 0
53380 1210 38899 29 5 12 0
21147 1211 16148 15 2 12 0
17211 1212 75781 13 2 4 0
22531 1212 10621 29 4 12 0
15012 1213 12272 10 3 17 0
26703 1215 31968 3 3 28 0
16541 1219 7968 15 3 12 0
139490 1219 114049 29 3 20 1
17628 1220 11878 15 3 25 0
20590 1220 13667 15 2 8 0
56911 1222 50390 29 5 12 0
14350 1228 11012 15 3 12 0
19036 1230 30411 29 3 5 0
27152 1230 24502 29 2 3 0
17352 1231 21320 21 6 7 0
16804 1235 17900 29 4 12 0
51303 1235 52672 13 3 7 0
57616 1240 41556 29 2 21 0
55264 1242 105980 29 2 21 0
62151 1245 5701 15 5 12 0
19160 1250 12448 29 5 12 0
46822 1250 21925 15 4 16 0
69194 1250 91207 29 5 27 0
13920 1251 5358 15 5 12 0
87234 1252 26805 29 5 10 0
62321 1253 26460 29 3 16 0
59410 1256 71561 29 3 25 0
65818 1256 76881 29 2 10 0
232973 1258 126069 29 3 18 0
16435 1260 9707 29 3 12 0
18049 1260 8915 15 3 14 0
18758 1260 18000 21 3 10 0
30280 1261 26156 29 1 12 0
48156 1261 8209 2 2 17 0
34265 1265 37683 15 3 12 0
25285 1272 24110 15 2 12 0
68569 1275 36252 15 2 12 0
351177 1278 320073 25 2 4 0
12532 1280 24508 11 3 29 0
48586 1280 8938 29 5 12 0
202640 1280 125538 29 2 29 0
18863 1283 29213 29 4 3 0
39391 1285 25391 29 4 3 0
17433 1291 15975 29 4 25 0
63485 1293 65078 9 2 25 0
98253 1295 45121 29 2 3 0
12800 1300 6892 29 3 3 0
12900 1300 13500 15 3 12 0
18207 1300 14302 15 5 19 0
18744 1300 9281 29 4 3 0
26141 1300 18339 15 3 12 0
29655 1300 30888 24 3 8 0
32015 1300 24615 15 3 12 0
32300 1300 29152 21 3 18 0
50011 1300 48763 28 3 18 0
64038 1300 90633 10 3 5 0
69539 1300 22643 11 3 17 0
76260 1300 230676 15 2 29 0
623000 1300 155724 15 3 13 0
668380 1300 124895 9 3 17 0
13877 1320 29921 11 3 1 0
35966 1320 321194 8 2 29 0
21036 1321 18285 29 2 16 0
51934 1332 25092 29 3 22 0
1201 1348 1701 4 3 9 0
142697 1348 60921 29 3 21 0
18004 1350 41405 24 2 29 0
19806 1350 10348 15 2 12 0
28451 1350 39769 6 3 5 0
34449 1351 42182 29 2 21 0
29445 1354 3951 24 3 17 0
35489 1356 27200 15 5 12 0
25207 1357 25927 29 2 7 0
14939 1358 15101 15 3 12 0
54200 1358 37107 15 2 10 0
153084 1379 113752 29 4 21 0
23001 1380 37782 4 2 5 0
58130 1380 17402 29 3 12 0
30078 1381 32201 10 2 18 0
42552 1390 21564 5 3 3 0
112537 1397 94899 15 1 12 0
50064 1398 61728 15 3 20 0
13997 1400 15988 29 2 10 0
18646 1400 10243 29 4 13 0
19000 1400 36472 22 3 1 0
21000 1400 15003 21 2 21 1
21256 1400 41976 4 5 19 0
23400 1400 14700 15 2 12 0
37900 1400 59001 9 6 7 0
61773 1400 76921 4 2 5 0
12001 1407 9032 15 2 12 0
39429 1418 25641 15 2 3 0
55996 1421 93069 29 3 29 0
20690 1430 5867 29 3 22 0
23474 1430 30196 29 3 22 0
34370 1430 52432 29 2 12 0
43000 1433 29400 15 3 12 0
18022 1450 13851 29 3 5 0
26338 1450 18009 29 3 5 0
26573 1450 9383 15 3 12 0
55913 1450 35143 21 2 19 1
101497 1450 69142 29 5 12 0
12549 1465 25243 21 6 27 0
72778 1466 37887 29 2 12 0
29925 1472 35622 30 2 29 0
16000 1480 5000 15 3 3 0
18821 1491 15371 29 3 12 0
13000 1500 12800 21 6 12 0
13001 1500 12000 29 5 3 0
14000 1500 34047 16 2 29 0
14009 1500 11877 15 3 12 0
14119 1500 18941 6 3 8 0
14336 1500 17102 10 2 21 0
15000 1500 12500 21 3 28 0
15570 1500 7946 15 3 8 0
17281 1500 103607 25 5 29 0
18516 1500 51906 22 3 5 0
23110 1500 28653 29 3 3 0
23769 1500 17586 11 3 17 1
23819 1500 16189 15 3 12 0
26000 1500 47000 22 5 25 0
27800 1500 26800 10 2 21 0
29215 1500 16492 15 2 3 0
30360 1500 11989 15 5 12 0
36824 1500 18000 15 2 3 0
41972 1500 53929 22 3 28 0
60020 1500 41589 24 2 22 0
62912 1500 34687 29 3 12 0
63000 1500 15200 15 2 17 0
68031 1500 63678 21 2 29 0
70001 1500 22664 25 2 19 0
78304 1500 90042 29 5 7 0
105035 1500 145069 15 2 25 0
202688 1500 47914 29 2 12 0
28288 1505 28657 15 3 12 0
20734 1510 55297 19 3 18 0
44692 1511 75780 28 3 9 0
30190 1520 12000 21 3 13 0
156352 1525 71799 29 2 25 0
21308 1535 12065 15 6 20 0
52582 1538 33403 29 5 12 0
48217 1542 38546 15 2 12 0
21965 1545 10034 15 6 3 0
15200 1547 13800 29 3 12 0
12001 1551 13832 11 3 13 0
41023 1556 35360 21 4 12 0
16000 1560 8600 15 3 16 0
30527 1562 17601 29 3 3 0
54225 1563 81946 29 5 12 0
36567 1568 36823 22 3 5 0
285525 1570 183133 29 3 12 0
14068 1580 22913 29 4 22 0
18106 1580 24440 22 3 5 0
20188 1580 18900 15 3 12 0
23419 1580 57038 15 3 7 1
24211 1580 9105 3 4 16 0
17337 1584 13699 15 2 16 0
18886 1585 37244 10 5 3 0
36994 1589 77843 15 5 25 0
97857 1589 57303 29 2 12 0
23417 1597 61371 25 3 4 0
12437 1600 13978 24 6 12 0
14643 1600 3702 15 3 13 0
14894 1600 9392 21 3 18 0
15627 1600 15317 21 3 19 0
16751 1600 10297 25 3 18 0
22869 1600 23531 12 2 16 0
23000 1600 44000 22 3 5 0
23900 1600 18795 29 2 3 0
28970 1600 8419 29 3 16 0
30093 1600 25800 21 3 18 0
30378 1600 42525 29 5 3 0
36000 1600 36000 14 2 25 0
36297 1600 28018 29 2 3 0
39310 1600 56789 12 3 19 0
44399 1600 123323 22 3 5 0
50256 1600 46912 10 3 19 0
55671 1600 57768 15 2 21 0
70362 1600 136667 29 2 29 1
55679 1603 36286 29 5 27 0
23611 1607 21588 15 2 27 0
22470 1615 21301 12 3 19 0
99713 1617 37232 29 2 12 0
12462 1620 8171 17 2 1 0
65250 1636 108956 16 3 29 1
12904 1650 16873 15 3 12 0
13800 1650 4600 15 3 12 0
19560 1650 529670 21 3 21 0
30641 1668 111800 14 3 4 0
20000 1670 15000 2 3 7 0
22917 1671 82544 29 2 12 0
95042 1677 89604 30 5 10 0
20156 1680 9200 29 3 22 0
32796 1680 60451 29 3 25 0
86838 1680 43018 15 2 17 0
12288 1688 9143 9 3 21 0
173939 1698 101466 29 2 27 0
17000 1700 10500 27 3 12 0
18960 1700 36800 19 3 19 0
29133 1700 75001 26 3 21 0
30429 1700 17342 29 1 12 0
37817 1700 26384 29 2 28 0
60369 1700 35803 22 2 5 0
179447 1700 272661 26 3 25 1
25565 1702 21783 29 4 18 0
27414 1711 77378 29 5 10 0
13806 1724 9288 29 2 28 0
21794 1725 15586 29 5 12 0
13560 1730 15610 29 3 8 0
40404 1758 22858 29 3 8 0
70899 1759 24479 21 5 15 0
23883 1767 28451 15 2 7 0
38426 1773 44095 29 2 16 0
100541 1795 93076 15 2 5 0
35576 1796 36454 15 6 22 0
14496 1800 10338 29 4 27 0
20412 1800 16595 15 2 12 0
23001 1800 18001 25 3 17 0
24355 1800 34293 21 2 13 0
29334 1800 23492 29 3 7 0
32930 1800 38161 10 5 12 0
36000 1800 32000 21 3 25 0
38505 1800 45671 29 4 16 0
41133 1800 23093 29 4 28 0
51142 1800 31364 25 3 14 0
52338 1800 33974 29 4 12 0
65991 1800 104983 29 2 5 0
80144 1800 86000 21 2 18 0
168813 1810 87069 29 3 3 0
61278 1823 113672 5 2 29 1
58103 1836 41747 29 3 7 0
21417 1850 17857 29 3 13 0
39907 1850 41059 29 2 12 0
81055 1850 40336 29 3 12 0
38653 1856 288635 2 3 4 0
12000 1860 4287 21 3 12 0
25867 1876 38330 29 3 4 0
64720 1888 68719 29 3 4 0
18158 1892 12777 29 2 22 0
18425 1896 39544 29 5 22 0
43093 1898 266728 25 3 4 0
16000 1900 4800 21 2 10 0
22420 1900 12956 29 4 16 0
38000 1900 19800 5 2 16 0
55372 1907 138662 29 2 12 0
26766 1913 48737 9 2 19 0
23170 1928 16210 3 3 8 0
28634 1928 48819 15 3 12 0
69600 1932 76990 29 2 27 0
31400 1935 22936 29 4 3 0
78042 1950 34636 15 5 19 0
69981 1952 106641 12 2 25 0
16166 1956 131437 17 3 25 0
12826 1970 27326 10 2 19 0
37645 1978 40750 15 6 12 0
395001 1982 455000 15 2 4 0
12460 1988 30230 29 1 8 0
62891 1991 49879 29 2 5 0
12000 2000 1500 16 2 17 0
12241 2000 5113 15 2 17 0
12801 2000 22904 17 3 10 0
18690 2000 15269 30 2 8 0
21623 2000 29999 21 5 12 0
23990 2000 22105 5 3 17 0
26318 2000 28007 15 1 13 0
30000 2000 20000 10 3 12 0
43623 2000 52165 17 3 14 0
48153 2000 20994 29 4 12 0
60230 2000 50454 22 3 28 0
145900 2000 180926 29 3 29 0
359282 2000 205355 15 2 29 0
472286 2000 17440 29 5 17 0
501227 2000 327716 2 2 29 1
101760 2003 105068 29 3 25 0
104118 2010 488112 6 2 25 0
91156 2012 74369 15 6 22 0
29310 2018 12592 29 2 19 0
158001 2018 31000 15 3 12 0
101454 2020 79779 29 3 3 0
72511 2026 43192 29 2 3 0
29788 2033 40246 29 4 27 0
83841 2037 124316 29 2 29 0
400192 2043 283225 29 2 12 0
38043 2049 97700 25 1 1 0
14100 2050 13100 25 3 12 0
24776 2080 23854 29 2 21 0
57800 2080 9500 29 2 29 0
39442 2088 78446 29 3 7 0
86955 2090 151520 29 2 27 0
20167 2100 15948 21 6 12 0
20518 2100 33127 21 2 12 0
26583 2100 10505 24 3 12 0
27940 2100 25127 29 3 12 0
38100 2100 23000 15 1 12 0
53255 2100 123333 5 5 29 1
188613 2100 50350 15 3 4 0
60495 2102 111101 24 5 20 1
103891 2102 105984 29 2 29 0
199191 2107 190223 29 5 22 0
21150 2120 6677 29 3 22 0
14383 2121 25020 25 3 29 0
71138 2125 50158 29 1 3 0
168346 2136 150381 14 2 25 0
63913 2156 122126 25 3 29 1
19164 2160 17895 29 2 20 0
19079 2163 15147 15 2 12 0
117067 2167 187849 29 2 12 0
50212 2177 48545 15 2 18 0
217830 2180 120600 15 3 13 0
26802 2183 22910 15 3 16 0
103553 2185 82531 29 2 12 0
18126 2186 13862 29 4 12 0
20683 2186 26543 19 5 5 0
13698 2190 39630 11 3 19 0
12300 2200 55800 18 3 18 0
18683 2200 36409 10 3 10 0
22413 2200 34325 29 3 20 0
25928 2200 17116 24 4 12 0
43264 2200 18830 15 2 12 0
44544 2200 38200 29 3 3 0
48000 2200 39000 22 2 5 0
75029 2200 24509 29 4 12 0
95392 2200 64737 29 5 22 0
21528 2215 12998 12 4 12 0
138978 2216 98035 21 3 10 0
22351 2260 36438 15 2 18 0
87910 2260 179868 15 1 18 0
21268 2280 18483 30 3 8 0
17889 2300 39943 9 4 1 0
20000 2300 19087 5 3 29 0
25587 2300 18318 24 3 17 0
35405 2300 111330 29 2 3 1
37050 2300 25780 15 5 12 0
40000 2300 206940 21 4 23 0
44800 2300 39606 29 3 12 0
45000 2300 26246 15 2 3 0
54155 2300 73165 6 3 19 0
108600 2300 40500 21 3 18 0
120900 2300 246846 15 1 10 0
150803 2300 70484 29 2 18 0
35644 2301 25097 11 2 25 0
30052 2313 64562 15 4 3 0
21000 2316 15000 21 3 8 0
68000 2320 75000 18 3 1 0
20696 2360 12947 21 3 12 0
68820 2362 94549 24 2 21 0
54700 2367 22001 15 3 3 0
256592 2368 190578 29 5 20 0
113150 2371 168556 29 5 3 1
76810 2372 24115 15 3 21 0
102647 2374 54376 29 3 12 0
180000 2383 95000 29 3 12 0
13900 2386 42772 28 3 4 0
120156 2386 95584 29 2 12 0
17562 2419 25309 10 2 21 0
80281 2435 70760 29 5 12 0
22301 2446 52500 11 3 8 0
33660 2482 34155 15 3 12 0
29939 2498 40553 22 5 1 0
8600 2500 7248 5 3 8 0
12562 2500 32001 29 3 12 0
16000 2500 19000 15 3 12 0
19319 2500 30487 29 5 12 0
20000 2500 7898 15 3 12 0
21297 2500 27976 29 1 18 0
21500 2500 18543 30 3 17 0
36167 2500 27924 29 2 7 0
40000 2500 32000 15 3 12 0
42300 2500 28600 29 3 12 0
45068 2500 89627 29 1 15 0
127434 2500 89765 15 5 21 0
194988 2500 200626 25 2 20 0
168068 2515 113672 21 5 18 0
208579 2518 223592 29 2 12 0
388310 2519 186350 24 2 29 0
29014 2520 59274 29 2 7 0
56147 2546 30001 15 5 12 0
23349 2553 27165 18 2 4 0
118149 2555 90939 29 2 13 0
65416 2558 32849 29 2 8 0
92500 2558 111400 29 2 25 1
95165 2578 120329 22 3 5 0
114055 2579 65371 29 3 7 0
30686 2580 26832 15 3 19 0
38000 2580 37100 22 3 5 0
93250 2584 39716 15 5 12 0
15000 2600 5500 21 3 14 0
20000 2600 40001 30 3 3 0
27746 2600 26016 21 3 19 0
77000 2600 69000 21 3 18 0
102150 2600 50000 9 3 5 0
180170 2608 120051 21 5 3 0
82420 2614 67313 3 3 19 0
17062 2616 16817 21 3 12 0
23779 2629 45431 21 3 4 0
253202 2640 161152 29 3 10 0
58202 2650 70879 22 3 17 0
102574 2652 183001 26 3 29 0
29476 2670 78082 29 3 21 0
145000 2692 580000 22 3 5 0
43097 2700 30756 29 3 19 0
105730 2700 95200 25 2 29 0
259374 2700 319850 29 3 20 0
86019 2757 180107 28 3 5 0
127882 2778 187222 15 5 3 0
21184 2800 50374 18 3 1 0
22100 2800 19224 21 5 19 0
22368 2800 18321 15 2 12 0
32762 2800 67348 15 3 29 0
38000 2800 280000 15 3 16 0
45928 2800 17805 24 3 21 0
79854 2808 109811 29 5 7 0
70101 2810 29883 21 3 18 0
62140 2829 79040 15 1 7 0
32968 2833 22021 5 3 19 0
57070 2850 29123 21 3 19 0
62001 2850 28001 15 3 21 0
109601 2854 84213 29 2 12 1
36919 2857 45674 29 2 26 0
106501 2880 56281 24 3 10 0
241658 2883 205182 29 3 12 0
22108 2885 32810 12 3 14 0
101282 2892 113415 29 2 29 0
183260 2892 57667 29 3 12 0
51703 2900 43892 29 2 15 0
71366 2900 83606 29 3 12 0
21198 2902 21955 21 3 12 0
41134 2919 88902 29 3 29 0
50181 2931 54723 29 3 12 0
128028 2932 129087 29 2 8 0
104390 2944 157886 5 5 7 0
31558 2950 33129 15 2 8 0
56523 2965 52746 28 3 5 0
49413 2969 39648 29 3 3 0
252775 2970 177111 15 2 3 1
114189 2980 91542 29 2 7 0
21646 3000 21951 21 2 25 0
24926 3000 36065 30 6 29 0
25961 3000 62791 18 3 19 0
26948 3000 19752 10 5 12 0
40000 3000 41000 21 3 19 0
41070 3000 52097 6 5 27 0
48419 3000 36569 15 3 12 0
50007 3000 50000 21 6 12 0
51600 3000 45000 19 3 8 0
54305 3000 54356 3 3 14 0
67836 3000 33911 15 2 7 0
82504 3000 64491 30 3 5 0
91455 3000 26257 15 3 12 0
101000 3000 1e+05 21 3 18 0
123000 3000 105000 15 3 7 0
556285 3000 197725 15 2 29 0
255700 3001 151001 29 3 21 0
41025 3026 51273 25 2 29 0
100660 3050 88755 15 4 12 0
131025 3051 266555 29 3 3 0
94413 3080 111655 21 2 27 0
105824 3081 118061 29 2 29 1
12000 3100 32761 27 3 17 0
15961 3100 2330 29 3 8 0
32468 3100 80857 21 3 12 0
50270 3100 99705 15 3 29 1
65387 3100 300640 13 3 29 1
127949 3100 123145 29 2 28 1
136992 3100 71658 29 2 12 0
48327 3106 13851 5 4 25 0
51921 3110 53556 6 3 19 0
153001 3120 76194 17 3 7 0
78309 3128 19789 25 2 19 0
51686 3131 39686 29 5 13 0
30484 3132 75228 11 2 7 0
26116 3168 32215 25 3 29 0
70600 3178 23930 6 3 17 0
15001 3200 11001 21 5 12 0
27018 3200 5530 29 3 22 0
42739 3200 11998 29 3 8 0
81000 3200 54001 29 2 12 0
84325 3200 108094 29 3 29 0
100605 3208 35819 29 3 12 0
119506 3248 92564 29 2 3 0
37010 3250 18670 21 2 8 0
285340 3250 335000 15 2 20 1
25672 3289 20444 10 2 12 0
143315 3296 65204 15 3 21 0
110760 3297 53978 29 3 12 0
16001 3300 56001 28 2 8 0
57994 3300 40722 30 3 28 0
172305 3310 441345 15 5 3 1
180568 3314 148251 29 2 29 1
16497 3328 9581 4 3 8 0
26082 3352 41655 29 2 7 0
55123 3385 60036 30 2 28 0
537209 3388 2348342 8 5 10 0
15500 3400 26924 29 5 8 0
16026 3400 16852 30 3 10 0
29200 3400 62915 3 3 14 0
60002 3400 128261 2 2 23 1
69349 3400 79994 24 4 3 0
94229 3400 234402 22 3 5 0
47931 3420 54761 24 3 25 0
173544 3420 206117 29 6 4 0
13001 3500 5853 4 2 8 0
18001 3500 55001 28 3 29 0
20117 3500 28528 25 3 8 0
21500 3500 25000 21 4 19 0
23000 3500 16000 15 3 8 0
26500 3500 15500 15 3 27 0
29935 3500 25263 15 5 12 0
36832 3500 20110 15 3 7 0
37526 3500 48058 29 2 3 0
42431 3500 46028 29 3 21 0
50001 3500 13742 4 3 17 0
68396 3500 30115 29 1 3 0
75000 3500 70387 17 2 1 0
95890 3500 249252 6 2 3 1
123176 3500 213500 15 2 12 0
180500 3500 106525 10 3 5 0
74989 3511 78872 29 2 12 0
218904 3511 422261 29 2 3 0
182005 3520 69912 15 2 12 0
122472 3525 274848 18 2 25 0
163516 3569 170939 21 3 3 0
82482 3576 56596 3 3 19 0
40185 3580 53074 10 2 12 0
546074 3589 288946 15 2 18 1
80001 3600 65001 21 3 14 0
121977 3604 367854 16 3 29 0
150229 3608 235082 15 2 5 0
62086 3611 23930 15 5 8 0
68963 3624 66340 15 2 12 0
61200 3649 188534 30 3 4 0
135000 3682 3e+05 13 3 5 0
230121 3700 178169 29 2 18 1
35637 3800 43485 29 3 12 0
56200 3800 39000 15 2 12 0
65455 3800 54924 24 3 3 0
79939 3800 29714 29 2 12 0
85660 3800 75850 26 1 5 0
100698 3800 754390 29 3 8 0
145385 3800 48033 29 3 3 0
366000 3800 410000 15 2 5 0
120736 3812 71858 21 3 21 0
21300 3820 18000 22 1 8 0
42086 3850 38683 15 2 3 0
81423 3850 66587 15 3 5 0
31680 3893 16653 29 5 17 0
53596 3900 52833 21 3 5 0
20471 3924 17946 15 3 12 0
61366 3925 49602 29 4 27 0
355319 3946 259583 30 3 28 0
116204 3950 1e+05 9 3 5 0
31740 3960 22500 3 3 17 0
61783 4000 38057 29 3 12 0
92825 4000 48771 29 5 27 0
224059 4000 115201 5 3 14 0
59412 4061 66944 29 5 8 0
42802 4084 290563 14 5 25 1
93298 4098 147764 15 5 12 1
41928 4100 47187 29 5 4 0
103000 4100 54000 21 3 19 0
120000 4100 118589 22 2 5 0
95388 4107 94208 29 3 3 0
208801 4150 268057 13 3 21 1
161370 4169 140551 29 2 10 0
182658 4180 138082 29 2 12 0
201053 4194 159721 15 3 12 0
24938 4200 45001 3 3 27 0
64531 4200 75714 15 3 16 0
98100 4200 59670 22 4 5 0
110000 4200 55000 24 3 12 0
153259 4230 115489 29 2 16 1
616512 4289 155327 25 5 19 1
39071 4295 44160 29 3 8 0
80307 4318 314547 25 2 29 1
191863 4377 508823 29 3 27 0
458000 4398 236431 30 3 10 0
55916 4500 52988 25 3 16 0
89155 4500 302747 10 2 3 1
158000 4500 230000 15 2 7 0
334764 4500 283770 9 3 5 0
124385 4553 268591 25 3 29 0
120004 4600 250636 22 1 5 1
422837 4600 485600 23 2 23 1
68546 4610 72226 24 3 3 0
443634 4647 396240 15 1 5 0
128870 4650 112301 29 2 12 0
177157 4692 101690 29 3 7 0
1018918 4718 666131 29 2 19 0
217300 4730 96000 16 3 25 0
55950 4780 75300 29 3 12 0
12001 4800 54001 4 3 29 0
82600 4800 12500 15 2 21 0
84893 4800 53004 15 3 12 0
103868 4800 38444 29 3 12 0
534570 4819 476000 15 2 5 0
235783 4850 60723 29 3 3 0
182581 4863 201856 29 2 12 0
667029 4918 533864 15 5 12 1
225260 4931 427857 26 2 25 1
339429 4958 50257 22 2 10 0
99300 4960 58420 29 2 21 0
26579 4965 152493 2 2 9 0
15000 5000 109329 15 2 17 0
50000 5000 20000 29 3 8 0
50036 5000 31564 15 2 12 0
70000 5000 45000 15 2 12 0
115815 5000 265733 22 2 17 0
150069 5000 131365 18 4 12 0
160000 5000 290000 5 3 16 1
356923 5000 480000 29 2 29 0
481209 5000 379626 15 2 3 0
520000 5000 1450000 17 2 7 0
113356 5001 115783 21 3 12 0
124001 5001 120247 29 2 29 0
87873 5006 140778 17 3 7 0
104747 5006 248811 29 2 29 0
130614 5010 163904 21 4 19 0
372060 5128 1130610 25 6 29 1
84227 5200 69716 21 2 12 0
1e+05 5200 40000 21 3 14 0
222637 5200 148981 29 3 12 0
150551 5245 59729 29 3 22 0
100012 5300 69000 15 2 21 0
81000 5315 100526 29 2 25 0
258173 5400 351350 22 3 5 0
43976 5453 52389 21 2 12 0
233000 5500 43000 21 5 10 0
33868 5503 10108 29 4 22 0
152923 5507 70603 15 3 16 0
76155 5600 33178 21 5 14 0
179752 5600 74382 15 3 10 1
31707 5611 51639 9 5 12 0
149850 5675 150798 15 5 3 0
52500 5700 94000 21 3 12 0
218618 5860 94363 29 2 29 0
108709 5868 74549 25 3 25 0
127565 5900 174601 11 5 3 1
25828 5928 15948 10 2 22 0
14000 6000 18673 29 3 12 0
41000 6000 36498 21 3 12 0
64478 6000 111841 29 3 12 0
88162 6000 33685 9 3 19 0
103476 6000 3e+05 15 2 29 0
291667 6000 103400 15 2 8 0
160280 6260 20283 29 5 8 0
108008 6300 138200 15 3 21 0
276731 6309 221837 21 2 29 1
90041 6323 111386 25 3 18 0
165313 6326 40383 15 3 12 0
143134 6356 177378 3 2 12 0
179365 6400 105838 29 3 28 0
629933 6428 402627 18 2 19 0
250001 6500 140000 9 3 2 0
976000 6500 308000 24 2 17 0
287413 6618 311287 21 2 27 0
367886 6734 118376 29 5 12 0
243024 6737 208856 17 5 10 0
207234 6800 35187 15 1 8 0
98065 6965 181441 29 3 8 0
561519 6974 210000 29 2 12 0
40451 6987 16780 29 2 8 0
75000 7001 41000 21 2 19 0
27930 7500 49700 25 2 12 0
16005 7600 11597 30 5 8 0
695632 7832 291462 5 2 20 0
84473 7860 309878 4 1 19 0
673506 7911 648149 29 2 26 0
58343 8000 160001 17 3 7 0
87800 8000 2e+05 2 3 9 0
539000 8005 144000 21 5 19 1
29996 8019 29442 3 2 19 0
870167 8200 150887 29 3 3 0
207929 8241 184445 29 2 12 0
270000 8500 84000 21 3 21 0
178485 8564 452277 5 2 25 1
362186 8858 128921 29 3 3 0
141883 8931 266263 29 2 12 0
359700 8936 250000 29 2 12 0
651199 8958 376016 15 5 3 0
182858 9057 357070 24 4 12 0
301600 9184 730809 9 2 2 1
366781 9302 423534 17 3 5 0
222982 9446 175830 15 1 12 0
250000 9500 125000 17 2 16 0
96943 9600 61476 21 2 14 0
20860 9800 15850 21 4 12 0
352627 9849 424458 9 3 5 0
105074 9940 104798 29 5 21 1
380000 10000 506000 24 2 5 0
27400 10100 37743 16 3 12 0
81963 10100 150243 22 3 2 0
512291 10145 532713 22 2 5 0
76050 10180 38109 15 2 8 0
266322 10600 818902 5 3 25 0
2040198 10645 2022338 15 2 5 0
909059 10920 1078547 15 2 5 1
856546 11256 455834 29 3 3 0
111871 12000 557353 25 2 4 1
324251 12736 176084 15 3 16 0
70038 12800 350030 29 2 3 0
2011045 12834 3788251 11 2 29 0
461857 13000 492029 16 2 5 0
1010675 13000 308358 29 2 3 0
124025 13098 125851 15 2 16 0
292147 13299 385798 25 3 18 0
607806 13400 405868 15 5 29 1
219701 13661 68718 29 2 8 0
76000 14000 43234 29 3 12 0
527204 14000 485229 26 3 17 0
472662 14169 645113 25 3 19 1
972862 14200 366822 29 2 3 0
1793674 15000 371044 15 2 20 1
172222 15987 152991 21 2 19 0
402765 16000 300001 9 2 19 0
623326 16000 392400 15 3 19 0
390675 16500 443645 29 2 8 0
114549 18000 47412 30 3 29 0
862517 18000 184659 29 2 3 0
4033096 18500 1790762 2 2 23 0
1011964 19304 1018728 29 5 12 1
588880 20000 583570 24 3 13 0
943758 23276 1086661 27 3 29 0
478076 24187 299348 29 2 8 0
821138 26500 652278 24 3 29 1
1231247 26500 215342 15 2 17 0
709298 28152 654605 15 5 12 1
1521183 31731 1283386 29 5 10 0
2696921 34081 3683504 24 2 29 0
353760 45520 12040 18 3 17 0
1202001 50679 1299001 29 5 20 0
1564435 51034 1402533 29 2 4 0
1520101 54085 681211 15 2 8 1
